10001,0
10002,0
10003,0
10004,0
10005,0
10006,0
10007,0
10008,0
10009,0
10010,0
10011,0
10012,0
10013,0
10014,0
10015,0
10016,0
10017,0
10018,0
10023,0
10024,0
10025,0
10026,0
10027,0
10028,0
10029,0
10030,0
10031,0
10037,0
10038,0
10039,0
10040,0
10041,0
10042,0
10043,0
10044,0
10045,0
10046,0
10047,0
10048,0
10049,0
10050,0
10051,0
10052,0
10053,0
10054,0
10055,0
10056,0
10063,0
10064,0
10065,0
10066,0
10067,0
10068,0
10069,0
10070,0
10071,0
10076,0
10077,0
10078,0
10079,0
10080,0
10081,0
10082,0
10083,0
10084,0
10090,0
10091,0
10092,0
10093,0
10094,0
10095,0
10096,0
10097,0
10098,0
10099,0
10100,0
10101,0
10102,0
10103,0
10104,0
10105,0
10106,0
10107,0
10108,0
10109,0
10116,0
10117,0
10118,0
10119,0
10120,0
10121,0
10122,0
10123,0
10124,0
10129,0
10130,0
10131,0
10132,0
10133,0
10134,0
10136,0
10137,0
10143,0
10144,0
10145,0
10146,0
10147,0
10148,0
10149,0
10150,0
10151,0
10152,0
10153,0
10154,0
10155,0
10156,0
10157,0
10158,0
10159,0
10160,0
10161,0
10162,0
10169,0
10170,0
10171,0
10172,0
10173,0
10174,0
10175,0
10176,0
10177,0
10181,0
10182,0
10183,0
10184,0
10186,0
10187,0
10189,0
10190,0
10196,0
10197,0
10198,0
10199,0
10200,0
10212,0
10213,0
10214,0
10215,0
10222,0
10223,0
10224,0
10225,0
10226,0
10227,0
10228,0
10229,0
10230,0
10231,0
10234,0
10235,0
10236,0
10237,0
10239,0
10240,0
10242,0
10243,0
10249,0
10250,0
10251,0
10252,0
10253,0
10265,0
10266,0
10267,0
10268,0
10269,0
10270,0
10271,0
10272,0
10273,0
10274,0
10275,0
10276,0
10277,0
10278,0
10279,0
10281,0
10282,0
10283,0
10284,0
10286,0
10287,0
10288,0
10289,0
10290,0
10292,0
10293,0
10295,0
10296,0
10302,0
10303,0
10304,0
10305,0
10306,0
10318,0
10319,0
10320,0
10321,0
10322,0
10323,0
10324,0
10325,0
10326,0
10327,0
10328,0
10329,0
10330,0
10331,0
10332,0
10334,0
10335,0
10336,0
10337,0
10338,0
10339,0
10342,0
10343,0
10345,0
10346,0
10347,0
10348,0
10349,0
10350,0
10351,0
10352,0
10353,0
10354,0
10355,0
10356,0
10357,0
10358,0
10359,0
10371,0
10372,0
10373,0
10374,0
10375,0
10376,0
10377,0
10378,0
10379,0
10385,0
10386,0
10387,0
10388,0
10389,0
10390,0
10391,0
10392,0
10395,0
10396,0
10398,0
10399,0
10400,0
10401,0
10402,0
10403,0
10404,0
10405,0
10406,0
10407,0
10408,0
10409,0
10410,0
10411,0
10412,0
10424,0
10425,0
10426,0
10427,0
10428,0
10429,0
10430,0
10431,0
10432,0
10438,0
10439,0
10441,0
10442,0
10443,0
10444,0
10445,0
10448,0
10449,0
10451,0
10452,0
10453,0
10454,0
10455,0
10456,0
10457,0
10458,0
10459,0
10460,0
10461,0
10462,0
10463,0
10464,0
10465,0
10477,0
10478,0
10479,1
10480,0
10481,1
10482,0
10483,0
10484,0
10485,0
10491,0
10492,0
10494,0
10495,0
10496,0
10498,0
10499,0
10500,0
10501,0
10502,0
10504,0
10505,0
10506,0
10507,0
10508,0
10509,0
10510,0
10511,0
10512,0
10513,0
10514,0
10515,0
10516,0
10517,0
10518,0
10530,0
10531,1
10532,1
10533,0
10534,0
10535,0
10536,0
10541,0
10542,0
10543,0
10544,0
10545,0
10547,0
10548,0
10549,0
10551,0
10552,0
10553,0
10554,0
10555,0
10557,1
10558,0
10559,0
10560,0
10561,0
10562,0
10563,0
10564,0
10565,0
10566,0
10567,0
10568,0
10569,0
10570,0
10571,0
10583,0
10584,0
10585,0
10586,0
10587,0
10588,0
10594,0
10595,0
10596,0
10597,0
10598,0
10599,0
10600,0
10601,0
10602,1
10604,0
10605,0
10606,0
10607,1
10608,1
10609,0
10610,1
10611,0
10612,0
10613,0
10614,0
10615,0
10616,0
10617,0
10618,0
10619,0
10620,0
10621,0
10622,0
10623,0
10624,0
10636,0
10637,0
10638,0
10639,0
10640,0
10641,0
10643,0
10644,0
10645,0
10648,1
10649,0
10650,0
10651,0
10653,0
10655,0
10657,0
10658,0
10659,0
10660,0
10661,0
10662,0
10663,1
10664,0
10665,0
10666,1
10667,0
10668,0
10669,0
10670,0
10671,0
10672,0
10673,0
10674,0
10675,0
10676,0
10677,0
10689,0
10690,0
10691,0
10692,0
10693,0
10694,0
10695,0
10696,0
10697,0
10699,0
10703,0
10704,0
10706,0
10707,0
10708,0
10710,0
10711,0
10713,0
10714,0
10715,1
10716,0
10717,0
10718,0
10719,0
10720,0
10721,0
10722,0
10723,0
10724,0
10725,0
10726,0
10727,0
10728,0
10729,0
10730,0
10742,0
10743,0
10744,0
10745,0
10746,0
10747,0
10748,0
10749,0
10750,0
10751,0
10752,0
10753,0
10754,1
10756,0
10757,0
10759,0
10760,0
10761,0
10763,0
10764,0
10765,0
10766,0
10767,0
10768,1
10769,0
10770,0
10773,0
10774,1
10775,0
10776,0
10777,0
10778,0
10779,0
10780,0
10781,0
10782,0
10783,0
10784,0
10785,0
10786,0
10787,0
10788,0
10789,0
10790,0
10791,0
10792,0
10793,0
10794,0
10795,0
10796,0
10797,0
10798,0
10799,0
10800,0
10801,0
10802,1
10803,0
10804,0
10805,0
10806,0
10807,0
10809,0
10810,0
10813,0
10814,1
10816,0
10817,0
10818,0
10819,0
10820,0
10821,0
10822,0
10823,1
10826,1
10827,0
10828,0
10829,0
10830,0
10831,0
10832,0
10833,0
10834,0
10835,0
10836,0
10837,0
10839,0
10840,0
10841,0
10842,0
10843,0
10844,0
10845,0
10846,0
10847,0
10848,0
10849,0
10850,0
10851,0
10852,0
10853,0
10854,0
10856,0
10857,1
10858,0
10859,0
10860,0
10861,1
10862,1
10863,0
10866,0
10872,0
10873,0
10874,0
10875,0
10876,0
10877,0
10878,1
10879,0
10880,0
10881,0
10882,0
10883,0
10884,0
10885,0
10886,0
10887,0
10888,0
10889,0
10890,0
10893,0
10894,0
10895,0
10896,0
10897,0
10898,0
10899,0
10900,0
10901,0
10902,0
10903,0
10905,0
10906,0
10907,0
10909,0
10910,0
10911,0
10912,0
10913,0
10914,0
10915,0
10916,0
10919,0
10925,1
10926,0
10927,0
10928,0
10929,0
10930,0
10931,1
10932,0
10933,0
10934,0
10935,0
10940,0
10941,0
10942,0
10943,0
10944,0
10947,0
10948,0
10949,0
10955,0
10956,0
10958,0
10959,0
10960,0
10962,0
10963,0
10964,0
10965,0
10966,1
10967,0
10968,0
10969,0
10972,0
10978,0
10979,0
10980,0
10981,1
10982,0
10983,1
10984,0
10985,1
10986,0
10987,1
10988,0
10996,0
10997,0
10998,0
11000,0
11001,0
11002,0
11008,0
11009,0
11011,1
11012,0
11013,0
11015,0
11016,0
11017,0
11018,0
11019,0
11020,1
11021,1
11022,0
11025,0
11031,0
11032,0
11033,0
11034,0
11035,0
11036,0
11037,0
11038,0
11039,1
11040,0
11041,1
11053,0
11054,0
11055,0
11061,0
11062,0
11064,0
11065,0
11066,0
11067,0
11068,1
11069,0
11070,0
11071,0
11072,1
11073,1
11074,0
11075,0
11076,0
11078,0
11079,0
11080,0
11081,1
11082,0
11083,0
11084,0
11085,1
11086,0
11087,0
11088,0
11089,0
11090,1
11091,1
11092,1
11093,0
11094,0
11107,0
11108,0
11115,0
11117,0
11118,0
11119,0
11120,0
11121,0
11122,1
11123,0
11124,0
11125,0
11126,0
11127,0
11128,1
11129,0
11131,0
11132,0
11133,0
11134,0
11135,0
11136,0
11137,1
11138,0
11139,0
11140,0
11141,1
11144,0
11145,0
11146,0
11147,0
11148,0
11149,0
11150,1
11151,1
11152,1
11154,0
11155,0
11156,0
11157,0
11160,0
11161,0
11162,0
11163,0
11164,0
11165,0
11166,0
11170,0
11171,0
11172,0
11173,0
11174,0
11175,0
11176,1
11177,0
11178,1
11179,0
11180,0
11181,0
11182,0
11183,0
11184,0
11185,0
11186,0
11187,0
11188,0
11189,0
11190,0
11191,0
11194,1
11195,0
11198,0
11204,1
11205,0
11206,1
11207,1
11208,0
11209,1
11210,1
11211,0
11212,0
11213,0
11214,0
11215,0
11216,0
11217,0
11218,0
11219,0
11220,0
11223,0
11224,0
11225,0
11226,0
11227,0
11228,0
11229,0
11230,0
11231,0
11232,0
11233,0
11240,0
11241,1
11242,0
11243,0
11244,1
11247,0
11248,1
11249,0
11250,0
11253,0
11259,1
11260,1
11261,1
11262,0
11263,0
11264,0
11265,1
11266,0
11267,0
11268,0
11269,0
11270,0
11271,0
11272,0
11273,0
11274,1
11275,0
11276,0
11277,0
11278,0
11281,0
11282,0
11283,0
11284,0
11285,0
11286,0
11293,0
11295,0
11296,0
11297,0
11299,0
11300,0
11301,0
11302,1
11303,1
11304,0
11305,0
11306,1
11313,0
11314,1
11318,0
11319,1
11320,0
11321,0
11322,0
11323,0
11324,0
11325,0
11326,0
11327,0
11328,0
11329,0
11330,1
11331,0
11334,0
11335,0
11336,0
11337,0
11338,0
11339,0
11346,0
11348,0
11349,0
11350,1
11352,1
11353,0
11354,1
11355,1
11358,1
11359,1
11360,1
11361,1
11362,1
11363,0
11366,0
11367,0
11368,0
11369,1
11372,0
11373,0
11374,0
11375,0
11376,0
11377,0
11378,0
11380,0
11381,0
11385,0
11386,0
11387,0
11388,0
11389,0
11390,0
11391,0
11392,0
11399,0
11400,0
11402,0
11403,1
11404,0
11408,1
11411,1
11412,0
11413,0
11414,0
11415,0
11416,0
11419,0
11422,0
11423,0
11426,1
11427,0
11428,0
11429,0
11430,0
11431,0
11434,0
11438,0
11439,0
11440,0
11441,0
11442,0
11443,0
11444,0
11445,0
11446,0
11447,0
11448,0
11449,0
11450,0
11451,0
11452,0
11453,0
11455,0
11456,0
11457,1
11463,0
11464,0
11465,0
11466,0
11467,0
11468,0
11469,0
11470,1
11471,0
11472,0
11476,0
11477,0
11478,0
11479,0
11480,0
11481,0
11482,0
11483,0
11484,0
11486,0
11487,0
11488,0
11489,0
11490,0
11491,0
11492,0
11493,0
11494,0
11495,0
11496,0
11497,0
11498,0
11499,0
11500,0
11501,0
11502,0
11503,1
11504,0
11505,0
11506,0
11507,1
11508,1
11509,0
11510,1
11511,0
11512,0
11516,0
11517,0
11518,1
11519,1
11520,1
11521,1
11522,1
11523,0
11524,0
11527,0
11528,0
11529,0
11530,1
11531,0
11532,0
11533,0
11534,0
11535,0
11536,0
11537,0
11538,0
11539,1
11540,0
11541,0
11542,0
11543,0
11544,0
11545,0
11546,0
11547,0
11548,1
11549,0
11550,0
11551,0
11552,0
11553,0
11554,0
11555,0
11556,0
11557,1
11558,0
11559,0
11560,0
11561,0
11562,0
11563,0
11564,0
11565,0
11567,1
11568,0
11569,0
11570,0
11571,1
11572,0
11573,1
11574,0
11575,1
11576,0
11577,0
11582,0
11583,0
11584,0
11585,0
11586,0
11587,0
11588,0
11589,0
11590,1
11591,0
11592,0
11593,0
11594,0
11595,0
11596,0
11597,0
11598,0
11599,0
11600,0
11601,0
11602,0
11603,1
11604,0
11605,0
11606,0
11607,0
11608,0
11609,1
11610,1
11611,0
11612,0
11613,0
11614,0
11615,0
11616,0
11617,1
11618,0
11619,1
11620,0
11621,0
11622,0
11623,1
11624,1
11625,0
11626,0
11627,0
11628,0
11629,0
11630,1
11631,0
11632,0
11635,0
11636,0
11637,0
11638,0
11639,0
11640,0
11641,0
11642,0
11643,0
11644,0
11645,0
11646,0
11647,0
11648,0
11649,0
11650,0
11651,0
11652,0
11653,0
11655,0
11656,0
11657,0
11658,1
11659,0
11660,0
11661,0
11662,0
11663,0
11664,0
11665,0
11666,0
11667,0
11668,1
11669,0
11670,1
11671,1
11672,1
11673,0
11674,0
11675,1
11676,1
11677,0
11678,0
11679,0
11680,0
11681,0
11682,0
11683,0
11684,0
11685,0
11686,0
11687,0
11688,0
11689,0
11690,0
11691,0
11697,0
11698,0
11699,0
11700,0
11703,0
11704,0
11705,0
11706,0
11708,0
11709,0
11710,0
11711,0
11712,0
11713,1
11714,0
11715,0
11716,0
11717,1
11718,0
11719,0
11720,0
11721,1
11722,0
11723,0
11724,0
11725,1
11726,0
11727,0
11728,0
11729,0
11730,0
11731,1
11732,1
11733,0
11734,0
11735,0
11736,0
11737,0
11738,0
11739,1
11740,0
11741,0
11742,0
11743,0
11744,0
11750,0
11751,0
11752,0
11753,0
11759,0
11761,0
11762,0
11763,0
11764,0
11765,0
11766,0
11767,0
11768,1
11769,0
11770,0
11771,0
11772,0
11773,0
11774,0
11775,0
11776,1
11777,1
11778,1
11779,1
11780,1
11781,1
11782,0
11783,0
11784,0
11785,1
11786,1
11787,1
11788,0
11789,0
11790,0
11791,1
11792,0
11793,0
11794,0
11795,0
11796,0
11797,0
11803,0
11804,0
11805,0
11806,0
11807,0
11808,0
11812,0
11814,0
11815,0
11816,0
11817,1
11818,0
11819,0
11820,0
11821,1
11822,0
11823,0
11824,0
11825,0
11827,0
11828,0
11829,0
11830,0
11831,0
11832,0
11833,0
11834,1
11838,0
11839,1
11840,1
11841,0
11842,0
11843,0
11844,0
11845,0
11846,0
11847,1
11848,0
11849,0
11850,0
11856,0
11857,0
11858,0
11859,0
11860,0
11861,0
11862,0
11863,0
11864,0
11865,0
11866,0
11867,0
11868,0
11869,0
11870,0
11871,0
11872,0
11873,0
11874,0
11875,0
11876,0
11877,0
11878,0
11880,0
11881,0
11882,0
11883,0
11884,0
11885,0
11886,0
11887,0
11891,0
11892,1
11893,0
11894,0
11895,1
11896,1
11897,0
11898,0
11899,1
11900,0
11901,0
11902,0
11903,0
11909,1
11910,1
11911,1
11912,1
11913,1
11914,1
11915,1
11916,1
11917,1
11918,1
11919,1
11920,1
11921,1
11922,1
11923,1
11924,1
11925,1
11926,1
11927,1
11928,1
11929,1
11930,1
11931,1
11932,1
11933,1
11934,1
11935,1
11936,1
11937,1
11938,1
11939,1
11940,1
11941,1
11942,1
11943,1
11944,1
11945,1
11946,1
11947,1
11948,1
11949,1
11950,1
11951,1
11952,1
11953,1
11954,1
11955,1
11956,1
11957,1
11958,1
11959,1
11960,1
11961,1
